#    0.000   0.000   0.000 ;Mean Elev.(m), Avg Gradient(m/km), RMS Gradient(m/km) - SRTM1     
#    0.000   0.000   0.000 ;Mean Elev.(m), Avg Gradient(m/km), RMS Gradient(m/km) - ASTER GDEM
#    1.130  -4.430   6.952 ;Mean Elev.(m), Avg Gradient(m/km), RMS Gradient(m/km) - GMTED2010 
  7 288.080492  46.636003    26.189    24.977  8 52445.09119926 14.134
  8 288.084551  46.644692     6.004     3.296  8 52480.09119322 32.850
  9 288.095036  46.656316    10.350     8.456  8 52515.09114343 15.601
 11 288.093207  46.653171    52.777    53.044  9 52585.09116819  4.101
 12 288.090929  46.646093    24.487    27.596  8 52620.09114703 26.129
 14 288.091696  46.652418    40.428    43.415  9 52690.09113109  7.317
 15 288.087426  46.648330    42.395    49.152  9 52725.09117401 11.210
 16 288.081851  46.646040    16.366    12.119  6 52760.09119210 39.372
 17 288.086661  46.646940    44.073    41.242 10 52795.09114854  7.982
 18 288.088384  46.646551    11.390    11.749 10 52830.09121521 34.645
 19 288.091924  46.650820    16.108    13.903  8 52865.09126007 39.977
 20 288.087914  46.649058    10.850    10.531  9 52900.09128878 24.174
 21 288.088066  46.656766     7.284     2.127  7 52935.09123291 28.392
 22 288.088179  46.636822    25.449    34.998  6 52970.09124744 24.871
 23 288.085238  46.639122    22.589    21.610  7 53005.09126483 31.569
 24 288.081192  46.636165    35.696    34.087  7 53040.09121444 12.470
 25 288.087129  46.644889    26.569    28.890  9 53075.09124754 26.885
 26 288.080685  46.632725    33.173    31.519  5 53110.09121546 19.431
 27 288.087812  46.634786    41.057    40.699  5 53145.09125753 12.467
 28 288.089031  46.652315    12.949     8.747  9 53180.09127306 21.968
 29 288.086212  46.646150    37.814    34.765 10 53215.09129395  9.230
 30 288.090855  46.651668    51.027    51.339 10 53250.09126567  4.986
 31 288.080688  46.637242    13.002    14.474  7 53285.09126002 43.595
 32 288.090798  46.653709    11.504    10.284  9 53320.09124686 36.257
 33 288.095928  46.654379    14.709    16.411  7 53355.09121497 41.314
 34 288.084310  46.637989    28.935    32.433  7 53390.09121936 13.735
 35 288.094352  46.649540    33.772    32.475  6 53425.09121899 11.889
 36 288.087920  46.647841    45.301    45.815 11 53460.09122432  6.103
 37 288.082986  46.635480    39.285    39.638  6 53495.09130711 11.982
 38 288.092181  46.653763    49.148    52.058  9 53530.09128561  7.843
 39 288.085723  46.643087     1.729     1.620  9 53565.09131347 38.966
 40 288.094545  46.647445    20.267    22.872  6 53600.09125637 24.519
 41 288.082185  46.637766     3.810     3.771  8 53635.09125164 17.548
 42 288.086191  46.635361    25.572    24.480  6 53670.09127235 40.605
 43 288.094950  46.654461    52.175    52.803  9 53705.09121155  9.698
 44 288.098743  46.657759    32.723    30.039  8 53740.09112324 11.955
 45 288.091370  46.647783    20.209    20.491  8 53775.09114198 35.434
 46 288.095199  46.654536    51.780    52.253  9 53810.09112552  4.931
 47 288.085670  46.635422    28.373    32.085  6 53845.09116596 24.605
 48 288.092090  46.639883     3.785     3.745  5 53880.09119423 42.462
 49 288.085434  46.634077     3.095     3.093  6 53915.09125050 29.784
 50 288.080383  46.647291    -0.034    -0.056  3 53950.09126248 48.322
 51 288.092387  46.648702     2.917     2.763  8 53985.09119954 31.691
 52 288.085867  46.643983    40.255    40.830  9 54020.09123610  6.235
 53 288.092734  46.654969    10.370     8.284  7 54055.09122883 43.353
 54 288.091710  46.652349    39.872    41.960  9 54090.09121641 13.966
 55 288.085925  46.639191    20.237    22.288  8 54125.09114152 32.592
 57 288.085874  46.641039    43.545    43.119  9 54195.09114335  4.940
 58 288.088686  46.643082    16.070    19.368  8 54230.09119464 43.545
 59 288.087953  46.647209     3.679     3.571 10 54265.09121329 19.189
 61 288.090661  46.650785     7.479     8.364 10 54335.09120718 28.051
 63 288.089181  46.648676    42.561    41.132 11 54405.09115092 11.142
 64 288.083843  46.639392     2.777     2.797  8 54440.09110684 42.918
 65 288.088391  46.648207    47.535    44.121 11 54475.09113785  7.556
 66 288.085795  46.640113    29.610    33.242  8 54510.09112092 18.865
 67 288.089664  46.648242    41.506    43.639 10 54545.09115219  7.610
 68 288.087880  46.647798    42.189    41.980 11 54580.09111962 11.991
 69 288.091790  46.642406     1.876     1.822  7 54615.09114077 33.305
 70 288.086256  46.645267    45.065    47.367 11 54650.09115302  8.527
 71 288.090545  46.648931    48.558    49.659 10 54685.09114811  9.033
 72 288.085596  46.641335     1.988     1.985  8 54720.09109653 44.439
 73 288.089776  46.642089    39.416    41.116  7 54755.09112073 10.095
 74 288.083036  46.642935    10.094    11.046  8 54790.09109004 37.448
 75 288.087381  46.645421    40.725    41.300 10 54825.09111755 13.209
 76 288.085465  46.642737    37.897    42.993  9 54860.09108337  7.792
 77 288.089219  46.646409    24.531    27.324 10 54895.09111875 26.397
 78 288.084265  46.641472    38.181    37.404  9 54930.09108187 12.043
 79 288.087313  46.647297    43.353    41.019 11 54965.09111970  8.412
 80 288.087617  46.642138     2.109     2.069  8 55000.09113875 43.143
 82 288.090187  46.652671     8.879     8.606  8 55070.09111629 36.533
 83 288.084042  46.640850     2.356     2.273  9 55105.09105568 25.226
 84 288.088792  46.647709    46.032    47.621 11 55140.09106304  8.199
 85 288.085658  46.641051    36.574    37.668  8 55175.09102257  9.927
 86 288.088074  46.645206    35.792    35.714  9 55210.09105807 14.344
 87 288.085795  46.641643    44.140    43.934  9 55245.09102908  5.371
 88 288.088897  46.649657    11.595    10.739  8 55280.09105258 38.605
 89 288.087164  46.645807    43.261    41.323 11 55315.09101769 11.547
 90 288.089666  46.649627     2.530     2.505 10 55350.09102405 44.191
 91 288.081984  46.648021     0.110     0.039  4 55385.09101720 51.959
 92 288.088230  46.647823     4.140     4.445 11 55420.09104233 20.411
 93 288.091638  46.650958     1.537     1.748 10 55455.09101994 36.820
