#    0.000   0.000   0.000 ;Mean Elev.(m), Avg Gradient(m/km), RMS Gradient(m/km) - SRTM1     
#    0.000   0.000   0.000 ;Mean Elev.(m), Avg Gradient(m/km), RMS Gradient(m/km) - ASTER GDEM
#    1.025 -11.626  21.887 ;Mean Elev.(m), Avg Gradient(m/km), RMS Gradient(m/km) - GMTED2010 
  8    65.475 52478.64070887  8.20 288.503358  46.721980  6.934
  8    71.372 52478.64070951  6.02 288.502078  46.718730  6.934
  8    71.571 52478.64071016  5.22 288.500806  46.715492  6.144
  8    70.217 52478.64071080  4.69 288.499526  46.712242  6.144
  8    69.183 52478.64071145  3.92 288.498246  46.708992  6.144
  8    94.948 52478.64071274  2.83 288.495686  46.702492  6.144
  8    96.474 52478.64071338  0.97 288.494416  46.699252  6.144
  8    98.033 52478.64071403  0.50 288.493136  46.696002  6.144
  8    99.157 52478.64071467  0.05 288.491856  46.692752  6.144
  8   100.729 52478.64071532  0.41 288.490576  46.689502  6.144
  8   101.105 52478.64071596  2.69 288.489306  46.686252  6.144
  9    -2.333 52513.64065305  9.98 288.511139  46.720746  8.405
  9    -2.372 52513.64065369  9.27 288.509859  46.717496  8.405
  9    -1.444 52513.64065434 10.13 288.508579  46.714246  8.405
  9    -1.970 52513.64065498  7.98 288.507299  46.711006  8.405
  9    -1.552 52513.64065562  8.50 288.506029  46.707756  8.405
  9    -1.356 52513.64065627  8.77 288.504749  46.704506  8.405
  9    -1.903 52513.64065691  9.77 288.503469  46.701256  8.405
  9    -2.976 52513.64065756  8.93 288.502189  46.698006  8.405
  9    -4.347 52513.64065820 10.02 288.500914  46.694765  6.779
  9    -1.922 52513.64065885  8.94 288.499644  46.691515  6.779
 10     1.897 52548.64069704 21.12 288.509831  46.717226  7.025
 10     1.508 52548.64069768 22.03 288.508551  46.713976  7.025
 10     1.492 52548.64069833 22.42 288.507271  46.710736  7.025
 10     2.855 52548.64069897 21.72 288.505993  46.707480 11.482
 10     4.839 52548.64069962 22.47 288.504713  46.704240 11.482
 10     4.148 52548.64070026 25.27 288.503433  46.700990 11.482
 10     5.441 52548.64070091 28.66 288.502153  46.697740 11.482
 10     5.009 52548.64070155 30.95 288.500883  46.694490 11.482
 10     3.712 52548.64070219 33.44 288.499603  46.691240 11.482
 10     1.431 52548.64070284 28.49 288.498323  46.688000 11.482
 11    70.648 52583.64069149  5.78 288.512834  46.721946  5.655
 11     3.101 52583.64069342 13.54 288.509001  46.712209  8.119
 11     3.422 52583.64069407 12.83 288.507721  46.708959  8.119
 11     2.984 52583.64069471 13.09 288.506441  46.705709  8.119
 11     3.937 52583.64069535 11.72 288.505161  46.702459  8.119
 11     4.292 52583.64069600 12.53 288.503891  46.699219  8.119
 11     5.295 52583.64069664 12.03 288.502611  46.695969  8.119
 11     7.411 52583.64069729 13.10 288.501331  46.692719  8.119
 11     7.569 52583.64069793 14.68 288.500061  46.689469  8.119
 12     4.091 52618.64066886 28.00 288.497125  46.715666 13.109
 12     3.874 52618.64066951 31.89 288.495855  46.712426 13.109
 12     1.944 52618.64067015 34.35 288.494575  46.709176 13.109
 12     5.609 52618.64067080 29.61 288.493295  46.705926 13.109
 12     5.511 52618.64067144 30.46 288.492025  46.702676 13.109
 12     6.811 52618.64067209 31.56 288.490745  46.699426 13.109
 12     6.869 52618.64067273 34.60 288.489465  46.696186 13.109
 12     6.595 52618.64067338 36.99 288.488195  46.692936 13.109
 12     4.233 52618.64067402 37.12 288.486915  46.689686 13.109
 12     3.819 52618.64067467 38.26 288.485635  46.686436 13.109
 12     4.153 52618.64067531 28.61 288.484365  46.683186 13.109
 13    75.469 52653.64064502  7.18 288.519902  46.722266  8.271
 13    72.881 52653.64064567  8.34 288.518622  46.719016  8.271
 13    82.164 52653.64064631  6.90 288.517342  46.715766  8.271
 13     2.478 52653.64064825 31.06 288.513502  46.706026  8.271
 13     3.476 52653.64064889 29.25 288.512232  46.702776  8.271
 13     1.449 52653.64064953 28.32 288.510952  46.699536  8.271
 13     3.412 52653.64065018 24.05 288.509672  46.696286  8.271
 13     2.798 52653.64065082 21.70 288.508392  46.693036  8.271
 14    78.164 52688.64064431  5.05 288.503265  46.720521  1.814
 14    79.717 52688.64064496  4.58 288.501985  46.717271  1.814
 14    84.180 52688.64064560  3.67 288.500715  46.714021  1.814
 14    92.416 52688.64064625  3.24 288.499435  46.710771  1.814
 14    96.337 52688.64064754  2.90 288.496875  46.704281  1.814
 14    97.550 52688.64064818  2.23 288.495605  46.701031  1.814
 14    99.349 52688.64064883  2.03 288.494325  46.697781  1.814
 14   100.375 52688.64064947  1.99 288.493045  46.694531  1.814
 14   101.113 52688.64065012  1.57 288.491775  46.691281  1.814
 14   102.902 52688.64065076  1.37 288.490495  46.688041  1.814
 14   104.285 52688.64065141  1.75 288.489215  46.684791  1.814
 15     2.893 52723.64068948 32.61 288.509715  46.722198 12.633
 15     3.310 52723.64069013 41.96 288.508435  46.718948 12.633
 15     5.033 52723.64069077 44.28 288.507155  46.715698 12.633
 15     5.514 52723.64069142 38.93 288.505875  46.712458 12.633
 15     5.319 52723.64069206 39.08 288.504595  46.709208 12.633
 15     6.866 52723.64069271 37.28 288.503315  46.705958 12.633
 15     5.490 52723.64069335 38.57 288.502045  46.702708 12.633
 15     4.253 52723.64069399 42.08 288.500765  46.699458 12.633
 15     4.799 52723.64069464 43.65 288.499485  46.696218 12.633
 15     3.048 52723.64069528 45.44 288.498205  46.692968 12.633
 15     4.513 52723.64069593 45.23 288.496935  46.689718 12.633
 16    13.710 52758.64071151 16.29 288.490392  46.717258 15.952
 16    11.295 52758.64071216 13.86 288.489122  46.714008 15.952
 16    11.983 52758.64071280 12.89 288.487842  46.710758 15.952
 16    11.413 52758.64071344 11.84 288.486562  46.707518 15.952
 16    10.182 52758.64071409 12.82 288.485282  46.704268 15.952
 16     9.975 52758.64071473 13.24 288.484012  46.701018 15.952
 16     8.657 52758.64071538 13.88 288.482732  46.697768 15.952
 16     9.619 52758.64071602 15.55 288.481452  46.694518 15.952
 16    11.653 52758.64071667 17.40 288.480182  46.691278 15.952
 16    12.038 52758.64071731 19.22 288.478902  46.688028 15.952
 16     4.861 52758.64071796 26.00 288.477622  46.684778 15.952
 16     3.759 52758.64071860 29.35 288.476352  46.681528 15.952
 17    73.367 52793.64066581  4.93 288.512894  46.708486  3.442
 17    72.701 52793.64066709  9.96 288.510344  46.701986  3.442
 17    73.660 52793.64066774  9.34 288.509064  46.698736  3.442
 17    78.302 52793.64066838  8.11 288.507784  46.695496  3.442
 17   100.782 52793.64066903  7.80 288.506504  46.692246  3.442
 17   103.599 52793.64066967  7.26 288.505224  46.688996  3.442
 18     2.366 52828.64073079 17.89 288.519395  46.721387 11.270
 18     1.668 52828.64073144 15.47 288.518115  46.718137 11.270
 18     1.195 52828.64073208 15.87 288.516835  46.714887 11.270
 18     0.934 52828.64073273 16.82 288.515555  46.711637 11.270
 18     0.717 52828.64073337 17.85 288.514275  46.708397 11.270
 18     1.761 52828.64073402 15.96 288.512995  46.705147 11.270
 18     1.716 52828.64073466 19.15 288.511715  46.701897 11.270
 18     2.111 52828.64073531 18.45 288.510445  46.698647 11.270
 18     2.364 52828.64073595 21.24 288.509165  46.695407 11.270
 18     1.804 52828.64073660 21.07 288.507885  46.692157 11.270
 19     4.541 52863.64077541 17.91 288.519634  46.722744  5.089
 19     4.443 52863.64077605 16.16 288.518354  46.719504  5.089
 19     4.406 52863.64077670 12.13 288.517084  46.716254  5.089
 19     4.297 52863.64077734 12.31 288.515804  46.713004  5.089
 19     2.321 52863.64077799 12.96 288.514524  46.709754  5.089
 19     2.832 52863.64077863 12.78 288.513244  46.706514  5.089
 19     2.432 52863.64077928 12.14 288.511964  46.703264  5.089
 19     2.680 52863.64077992 11.51 288.510694  46.700014  5.089
 20    62.781 52898.64080537  8.40 288.504753  46.722171  4.838
 20    62.863 52898.64080601  7.71 288.503473  46.718921  4.838
 20    55.134 52898.64080665  8.50 288.502203  46.715671  4.838
 20    20.833 52898.64080730  9.38 288.500923  46.712421  4.838
 20    69.526 52898.64080794  1.27 288.499643  46.709181  4.838
 20    73.025 52898.64080859  1.26 288.498363  46.705931  4.838
 20    65.844 52898.64080923  1.50 288.497093  46.702681  4.838
 20    80.272 52898.64080988  1.53 288.495813  46.699431  4.838
 20    83.092 52898.64081052  1.02 288.494533  46.696181  4.838
 20    86.515 52898.64081181  2.47 288.491983  46.689691  4.838
 20    75.819 52898.64081246  9.20 288.490703  46.686441  4.838
 21     1.381 52933.64075094 23.82 288.498542  46.719792  8.739
 21     0.907 52933.64075159 25.78 288.497272  46.716542  8.739
 21     0.008 52933.64075223 26.12 288.495992  46.713292  8.739
 21    -0.383 52933.64075288 24.13 288.494712  46.710042  8.739
 21    -0.680 52933.64075352 24.15 288.493442  46.706792  8.739
 21    -0.605 52933.64075417 25.31 288.492162  46.703542  8.739
 22    69.447 52968.64076086  8.84 288.513541  46.722107  3.992
 22    68.336 52968.64076150  9.10 288.512261  46.718857  3.992
 22    69.194 52968.64076215  8.02 288.510991  46.715617  3.992
 22    68.447 52968.64076279  8.29 288.509711  46.712367  3.992
 22    71.372 52968.64076344  4.94 288.508431  46.709117  3.992
 22    94.539 52968.64076537  4.47 288.504601  46.699377  3.992
 22    99.945 52968.64076602  3.87 288.503315  46.696120  5.666
 22   100.614 52968.64076666  4.40 288.502035  46.692880  5.666
 22   101.837 52968.64076731  4.56 288.500765  46.689630  5.666
 23     7.974 53003.64078319 36.72 288.500031  46.719376 16.459
 23     6.600 53003.64078383 41.26 288.498751  46.716126 16.459
 23     5.917 53003.64078447 43.31 288.497471  46.712886 16.459
 23     6.989 53003.64078512 36.09 288.496191  46.709636 16.459
 23     3.127 53003.64078576 36.98 288.494921  46.706386 16.459
 23     5.138 53003.64078641 36.73 288.493641  46.703136 16.459
 23     6.864 53003.64078705 36.87 288.492361  46.699886 16.459
 23     5.989 53003.64078770 35.94 288.491081  46.696646 16.459
 23     6.041 53003.64078834 37.84 288.489811  46.693396 16.459
 23     6.141 53003.64078899 36.62 288.488531  46.690146 16.459
 23     4.833 53003.64078963 38.60 288.487251  46.686896 16.459
 23     7.847 53003.64079028 37.05 288.485971  46.683646 16.459
 24    79.608 53038.64073245  3.74 288.496984  46.718839  1.747
 24    81.331 53038.64073309  3.81 288.495704  46.715589  1.747
 24    96.868 53038.64073631  1.66 288.489314  46.699349  1.747
 24    98.111 53038.64073696  1.77 288.488044  46.696099  1.747
 24   101.258 53038.64073760  1.29 288.486764  46.692859  1.747
 24   100.637 53038.64073825  1.33 288.485484  46.689609  1.747
 24   102.855 53038.64073889  1.40 288.484214  46.686359  1.747
 24   104.094 53038.64073954  1.81 288.482934  46.683109  1.747
 26     3.146 53108.64073290 19.54 288.495347  46.717787  9.862
 26     4.018 53108.64073354 17.03 288.494067  46.714537  9.862
 26     3.980 53108.64073419 14.86 288.492787  46.711297  9.862
 26     2.950 53108.64073483 15.54 288.491507  46.708047  9.862
 26     2.694 53108.64073548 15.76 288.490237  46.704797  9.862
 26     2.768 53108.64073612 17.97 288.488957  46.701547  9.862
 26     3.806 53108.64073677 18.96 288.487677  46.698297  9.862
 26     4.498 53108.64073741 19.73 288.486407  46.695057  9.862
 26     4.540 53108.64073806 22.12 288.485127  46.691807  9.862
 26     4.592 53108.64073870 26.09 288.483857  46.688557  9.862
 26     4.871 53108.64073935 28.37 288.482577  46.685307  9.862
 26     2.906 53108.64073999 31.74 288.481297  46.682057  9.862
 28    58.898 53178.64078832 10.35 288.511609  46.722959  4.843
 28    56.400 53178.64078897 11.12 288.510329  46.719719  4.843
 28    53.286 53178.64078961 12.03 288.509056  46.716471  4.390
 28     3.489 53178.64079025 12.51 288.507776  46.713221  4.390
 28     3.775 53178.64079090 12.68 288.506496  46.709971  4.390
 28     3.738 53178.64079154 12.10 288.505216  46.706721  4.390
 29     8.170 53213.64081053  1.11 288.504879  46.718242 13.947
 29    -0.567 53213.64081117  8.51 288.503609  46.714992 13.947
 29     7.553 53213.64081182 14.94 288.502329  46.711742 13.947
 29     4.334 53213.64081246 23.97 288.501049  46.708502 13.947
 29     5.189 53213.64081311 24.57 288.499769  46.705252 13.947
 29     6.700 53213.64081375 24.27 288.498489  46.702002 13.947
 29     8.648 53213.64081439 23.95 288.497219  46.698752 13.947
 29     6.714 53213.64081504 26.12 288.495939  46.695502 13.947
 29     7.535 53213.64081568 26.50 288.494659  46.692262 13.947
 29     7.454 53213.64081633 25.36 288.493389  46.689012 13.947
 29     7.772 53213.64081697 24.98 288.492109  46.685762 13.947
 30    66.034 53248.64077934  9.61 288.504244  46.721010  5.176
 30    64.513 53248.64077999  9.15 288.502964  46.717760  5.176
 30    61.548 53248.64078063  9.53 288.501684  46.714520  5.176
 30    58.337 53248.64078128 10.13 288.500404  46.711270  5.176
 30    51.123 53248.64078192 10.33 288.499134  46.708020  5.176
 30     2.785 53248.64078257 10.19 288.497854  46.704770  5.176
 30    48.917 53248.64078321 10.57 288.496574  46.701520  5.176
 30    46.358 53248.64078386 10.20 288.495304  46.698280  5.176
 30    45.585 53248.64078450 10.42 288.494024  46.695030  5.176
 30    56.288 53248.64078643 20.11 288.490194  46.685280  5.176
 31     5.824 53283.64077232 15.92 288.509385  46.719807  6.765
 31     6.426 53283.64077296 12.76 288.508105  46.716567  6.765
 31     6.116 53283.64077360 12.10 288.506825  46.713317  6.765
 31     6.469 53283.64077425 12.03 288.505545  46.710067  6.765
 31     5.539 53283.64077489 10.95 288.504265  46.706817  6.765
 31     4.763 53283.64077554 11.50 288.502995  46.703577  6.765
 31     4.882 53283.64077618 11.74 288.501715  46.700327  6.765
 31     4.909 53283.64077683 11.28 288.500435  46.697077  6.765
 32     4.319 53318.64076688 22.97 288.515447  46.722499 12.283
 32     4.017 53318.64076753 21.60 288.514167  46.719249 12.283
 32     3.920 53318.64076817 20.17 288.512887  46.715999 12.283
 32     3.744 53318.64076882 21.03 288.511607  46.712759 12.283
 32     3.754 53318.64076946 21.69 288.510327  46.709509 12.283
 32     4.607 53318.64077010 22.15 288.509047  46.706259 12.283
 32     5.563 53318.64077075 24.06 288.507777  46.703009 12.283
 32     6.031 53318.64077139 27.14 288.506497  46.699759 12.283
 32     5.248 53318.64077204 29.38 288.505217  46.696519 12.283
 32     2.835 53318.64077268 34.87 288.503937  46.693269 12.283
 32     3.255 53318.64077333 28.54 288.502667  46.690019 12.283
 34    77.686 53388.64073271  4.45 288.513278  46.720564  1.780
 34    78.124 53388.64073335  4.33 288.511998  46.717314  1.780
 34    93.939 53388.64073464  3.67 288.509438  46.710824  1.780
 34    94.283 53388.64073529  3.21 288.508158  46.707574  1.780
 34    97.640 53388.64073593  2.48 288.506878  46.704324  1.780
 34    99.783 53388.64073658  2.09 288.505608  46.701084  1.780
 34   100.988 53388.64073722  2.11 288.504328  46.697834  1.780
 34   102.514 53388.64073787  1.63 288.503048  46.694584  1.780
 34   103.386 53388.64073851  1.31 288.501768  46.691334  1.780
 34   104.621 53388.64073916  1.50 288.500498  46.688084  1.780
 35    81.678 53423.64073234  4.34 288.513468  46.721114  1.726
 35    82.996 53423.64073298  4.27 288.512188  46.717864  1.726
 35    94.481 53423.64073427  3.57 288.509628  46.711374  1.726
 35    96.749 53423.64073491  3.39 288.508348  46.708124  1.726
 35    98.309 53423.64073556  3.14 288.507078  46.704874  1.726
 35    99.779 53423.64073620  2.26 288.505798  46.701624  1.726
 35   100.850 53423.64073685  2.46 288.504518  46.698384  1.726
 35   101.918 53423.64073749  2.50 288.503238  46.695134  1.726
 35   103.656 53423.64073814  1.64 288.501968  46.691884  1.726
 35   104.891 53423.64073878  1.70 288.500688  46.688634  1.726
 36    76.679 53458.64073678  5.67 288.520291  46.723467  2.202
 36    78.628 53458.64073742  4.95 288.519011  46.720217  2.202
 36    77.080 53458.64073807  5.31 288.517731  46.716967  2.202
 36    70.572 53458.64073871  4.27 288.516451  46.713717  2.202
 36    72.385 53458.64073936  3.69 288.515171  46.710477  2.202
 36    88.082 53458.64074065  3.05 288.512611  46.703977  2.202
 36    85.943 53458.64074129  3.18 288.511341  46.700727  2.202
 36    84.371 53458.64074193  3.39 288.510061  46.697477  2.202
 36    81.826 53458.64074258  2.86 288.508781  46.694237  2.202
 36    95.677 53458.64074322  2.69 288.507501  46.690987  2.202
 37     3.118 53493.64082300 24.90 288.502178  46.720277  6.133
 37     1.811 53493.64082365 25.43 288.500898  46.717027  6.133
 37     1.420 53493.64082429 22.71 288.499618  46.713787  6.133
 37     0.621 53493.64082493 21.39 288.498338  46.710537  6.133
 38    66.514 53528.64079938 10.20 288.513952  46.722698  4.994
 38    63.078 53528.64080003 10.53 288.512672  46.719458  4.994
 38    62.726 53528.64080067 10.28 288.511402  46.716208  4.994
 38    55.777 53528.64080132 10.40 288.510122  46.712958  4.994
 38    59.316 53528.64080196  9.31 288.508842  46.709708  4.994
 38    47.570 53528.64080261 11.09 288.507562  46.706468  4.994
 38     5.027 53528.64080325 10.09 288.506282  46.703218  4.994
 38    49.147 53528.64080390  9.65 288.505012  46.699968  4.994
 38    49.071 53528.64080454  9.90 288.503732  46.696718  4.994
 38    43.716 53528.64080519  9.72 288.502452  46.693468  4.994
 38    74.123 53528.64080583 10.10 288.501172  46.690228  4.994
 39    61.977 53563.64083081  8.32 288.498336  46.718733  5.943
 39    48.969 53563.64083146  9.31 288.497066  46.715483  5.943
 39    21.539 53563.64083210  9.95 288.495786  46.712233  5.943
 39     3.834 53563.64083274 10.27 288.494506  46.708993  5.943
 39     3.439 53563.64083339 10.11 288.493226  46.705743  5.943
 39     3.052 53563.64083403 10.76 288.491956  46.702493  5.943
 39     3.046 53563.64083468 10.15 288.490676  46.699243  5.943
 39     3.201 53563.64083532  9.06 288.489396  46.695993  5.943
 39     3.300 53563.64083597 10.06 288.488126  46.692753  5.943
 40     4.223 53598.64077096 28.93 288.507788  46.721059 10.146
 40     1.339 53598.64077160 31.91 288.506518  46.717809 10.146
 40     2.424 53598.64077225 28.32 288.505238  46.714559 10.146
 40     1.623 53598.64077289 27.96 288.503958  46.711319 10.146
 40     1.550 53598.64077354 28.64 288.502678  46.708069 10.146
 40     1.878 53598.64077418 28.83 288.501408  46.704819 10.146
 40     1.724 53598.64077483 29.45 288.500128  46.701569 10.146
 40     3.161 53598.64077547 29.30 288.498848  46.698319 10.146
 40     1.887 53598.64077612 31.39 288.497578  46.695079 10.146
 40     0.919 53598.64077676 33.59 288.496298  46.691829 10.146
 40     4.423 53598.64077741 30.86 288.495018  46.688579 10.146
 42     2.400 53668.64078884 26.48 288.504479  46.721855  8.025
 42     1.332 53668.64078949 27.89 288.503199  46.718605  8.025
 42     1.603 53668.64079013 21.33 288.501919  46.715355  8.025
 42     0.939 53668.64079142 14.74 288.499359  46.708865  8.025
 42     0.564 53668.64079207 15.34 288.498079  46.705615  8.025
 43     4.500 53703.64073023 31.12 288.511203  46.721723 11.540
 43    -0.268 53703.64073087 28.81 288.509923  46.718483 11.540
 43     3.631 53703.64073152 20.20 288.508643  46.715233 11.540
 43     3.608 53703.64073216 18.06 288.507363  46.711983 11.540
 43     3.214 53703.64073281 18.80 288.506093  46.708733 11.540
 43     4.408 53703.64073345 17.26 288.504813  46.705483 11.540
 43     4.208 53703.64073410 17.50 288.503533  46.702243 11.540
 43     5.253 53703.64073474 18.16 288.502253  46.698993 11.540
 43     5.407 53703.64073539 20.36 288.500983  46.695743 11.540
 43     4.743 53703.64073603 24.98 288.499703  46.692493 11.540
 43     4.850 53703.64073668 23.34 288.498423  46.689243 11.540
 44     7.941 53738.64064019 23.18 288.503554  46.719362  6.521
 44     7.829 53738.64064083 25.85 288.502274  46.716112  6.521
 44     6.702 53738.64064148 31.15 288.500995  46.712871 11.868
 44     6.986 53738.64064212 28.10 288.499725  46.709621 11.868
 44     7.535 53738.64064277 27.47 288.498445  46.706371 11.868
 44     7.395 53738.64064341 27.60 288.497165  46.703121 11.868
 44     7.247 53738.64064405 29.86 288.495895  46.699881 11.868
 44     7.820 53738.64064470 32.13 288.494615  46.696631 11.868
 44     7.361 53738.64064534 32.51 288.493345  46.693381 11.868
 44     6.929 53738.64064599 30.06 288.492065  46.690131 11.868
 44     5.129 53738.64064663 26.11 288.490785  46.686881 11.868
 46     7.064 53808.64064113 26.38 288.505973  46.721695 15.702
 46     7.873 53808.64064177 32.11 288.504703  46.718445 15.702
 46     4.917 53808.64064242 38.38 288.503423  46.715195 15.702
 46     5.786 53808.64064306 38.91 288.502143  46.711945 15.702
 46     6.250 53808.64064371 37.39 288.500873  46.708705 15.702
 46     6.276 53808.64064435 36.76 288.499593  46.705455 15.702
 46     5.990 53808.64064500 28.52 288.498313  46.702205 15.702
 46     5.589 53808.64064564 27.11 288.497033  46.698955 15.702
 46     4.921 53808.64064629 28.68 288.495763  46.695705 15.702
 46     6.347 53808.64064693 27.19 288.494483  46.692465 15.702
 46     5.136 53808.64064758 31.04 288.493213  46.689215 15.702
 46     4.488 53808.64064822 25.67 288.491933  46.685965 15.702
 49    66.231 53913.64076506 10.43 288.502623  46.720758  5.499
 49    64.997 53913.64076571 10.64 288.501343  46.717518  5.499
 49    61.981 53913.64076635 11.01 288.500063  46.714268  5.499
 49    61.531 53913.64076700 11.74 288.498793  46.711018  5.499
 49    53.803 53913.64076764 13.11 288.497513  46.707768  5.499
 49    69.567 53913.64076829  6.32 288.496233  46.704518  5.499
 49    80.989 53913.64076893  6.31 288.494953  46.701278  5.499
 49    82.472 53913.64076958  6.28 288.493673  46.698028  5.499
 49    56.314 53913.64077216 18.18 288.488573  46.685038  5.499
 50     4.072 53948.64077813 27.31 288.497407  46.719695  8.597
 50     3.992 53948.64077878 27.26 288.496127  46.716445  8.597
 50     3.399 53948.64077942 27.68 288.494847  46.713205  8.597
 50     3.218 53948.64078007 28.34 288.493567  46.709955  8.597
 50     3.626 53948.64078071 28.85 288.492297  46.706705  8.597
 50     2.788 53948.64078136 29.09 288.491017  46.703455  8.597
 50     2.988 53948.64078200 28.56 288.489737  46.700205  8.597
 50     3.061 53948.64078265 29.24 288.488457  46.696965  8.597
 50     2.949 53948.64078329 29.17 288.487187  46.693715  8.597
 50     3.262 53948.64078393 29.25 288.485907  46.690465  8.597
 50     2.479 53948.64078458 28.46 288.484627  46.687215  8.597
 50     2.365 53948.64078522 28.91 288.483357  46.683965  8.597
 50     3.253 53948.64078587 29.83 288.482076  46.680724  3.656
 51    69.156 53983.64071827  1.23 288.502980  46.720541  9.679
 51    64.821 53983.64071891  4.23 288.501700  46.717291  9.679
 51    70.786 53983.64071956  4.20 288.500420  46.714041  9.679
 51    70.764 53983.64072020  3.55 288.499140  46.710791  9.679
 51     1.263 53983.64072214 21.83 288.495310  46.701051  9.679
 51     2.604 53983.64072278 22.17 288.494040  46.697801  9.679
 51     2.741 53983.64072343 22.15 288.492760  46.694551  9.679
 51     3.625 53983.64072407 22.63 288.491480  46.691311  9.679
 51     4.856 53983.64072472 23.04 288.490210  46.688061  9.679
 51     5.539 53983.64072536 25.80 288.488930  46.684811  9.679
 52     6.496 54018.64074865 14.44 288.516243  46.723584  3.431
 52     5.747 54018.64074929 15.57 288.514963  46.720334  3.431
 52     5.363 54018.64074994 15.41 288.513683  46.717084  3.431
 52     4.647 54018.64075058 15.23 288.512403  46.713834  3.431
 52     4.968 54018.64075123 15.03 288.511123  46.710594  3.431
 52     4.574 54018.64075187 14.73 288.509853  46.707344  3.431
 53     2.646 54053.64074312 19.25 288.515341  46.712568  3.246
 53     2.634 54053.64074377 21.00 288.514061  46.709318  3.246
 53     3.230 54053.64074441 19.38 288.512781  46.706078  3.246
 53     3.178 54053.64074506 19.39 288.511501  46.702828  3.246
 54     4.176 54088.64073351 23.57 288.506468  46.720315  9.197
 54     3.895 54088.64073415 17.69 288.505188  46.717065  9.197
 54     4.231 54088.64073480 14.25 288.503908  46.713815  9.197
 54     4.339 54088.64073544 13.15 288.502628  46.710565  9.197
 54     3.899 54088.64073609 13.24 288.501358  46.707325  9.197
 54     3.524 54088.64073673 14.46 288.500078  46.704075  9.197
 54     3.383 54088.64073738 14.55 288.498798  46.700825  9.197
 54     4.286 54088.64073802 15.07 288.497518  46.697575  9.197
 54     4.460 54088.64073867 16.31 288.496248  46.694325  9.197
 54     5.577 54088.64073996 18.58 288.493698  46.687835  9.197
 55     5.850 54123.64065651 35.34 288.514135  46.715768 13.588
 55     2.636 54123.64065716 35.51 288.512855  46.712518 13.588
 55     7.595 54123.64065780 31.81 288.511575  46.709268 13.588
 55     8.360 54123.64065845 30.14 288.510295  46.706018 13.588
 55     7.938 54123.64065909 34.96 288.509015  46.702778 13.588
 55     8.221 54123.64065973 36.38 288.507745  46.699528 13.588
 55     2.363 54123.64066038 35.76 288.506465  46.696278 13.588
 55     7.562 54123.64066102 26.24 288.505185  46.693028 13.588
 55     7.613 54123.64066167 23.80 288.503905  46.689788 13.588
 56    72.910 54158.64069743  5.39 288.507895  46.721026  2.177
 56    75.567 54158.64069808  3.42 288.506615  46.717786  2.177
 56    74.677 54158.64069872  2.57 288.505335  46.714536  2.177
 56    71.026 54158.64069937  2.50 288.504055  46.711286  2.177
 56    93.912 54158.64070066  1.62 288.501505  46.704796  2.177
 56    93.297 54158.64070130  1.46 288.500225  46.701546  2.177
 56    98.036 54158.64070195  0.13 288.498945  46.698296  2.177
 57    69.164 54193.64065716  7.26 288.515494  46.721870  2.588
 57    67.917 54193.64065780  6.40 288.514214  46.718620  2.588
 57    67.369 54193.64065845  5.11 288.512934  46.715370  2.588
 57    68.267 54193.64065909  4.36 288.511654  46.712120  2.588
 57    69.606 54193.64065973  3.60 288.510374  46.708870  2.588
 57    70.984 54193.64066038  4.08 288.509094  46.705630  2.588
 57    82.805 54193.64066102  3.81 288.507814  46.702380  2.588
 57    86.017 54193.64066231  3.99 288.505264  46.695880  2.588
 57    96.330 54193.64066360  3.72 288.502704  46.689390  2.588
 58    70.509 54228.64070899  7.70 288.510005  46.721947  4.693
 58    67.886 54228.64070964  7.73 288.508735  46.718707  4.693
 58    67.790 54228.64071028  8.27 288.507455  46.715457  4.693
 58    70.521 54228.64071092  8.54 288.506175  46.712207  4.693
 58    70.937 54228.64071157  7.78 288.504895  46.708957  4.693
 58    68.448 54228.64071221  8.07 288.503615  46.705707  4.693
 58    65.002 54228.64071286  8.77 288.502345  46.702457  4.693
 58    58.824 54228.64071350  9.36 288.501062  46.699217  7.551
 58    82.496 54228.64071415  8.36 288.499782  46.695967  7.551
 58    86.725 54228.64071479  8.05 288.498512  46.692717  7.551
 58    99.952 54228.64071544  7.11 288.497232  46.689467  7.551
 59     6.365 54263.64072785 24.94 288.510160  46.720118  7.104
 59     3.696 54263.64072849 21.46 288.508890  46.716878  7.104
 59     4.296 54263.64072914 17.13 288.507610  46.713628  7.104
 59     3.650 54263.64072978 17.78 288.506330  46.710378  7.104
 59     4.445 54263.64073043 16.88 288.505050  46.707128  7.104
 59     4.223 54263.64073107 18.90 288.503770  46.703878  7.104
 59     4.533 54263.64073172 18.47 288.502500  46.700628  7.104
 59     4.786 54263.64073236 20.71 288.501220  46.697389 13.469
 59     3.984 54263.64073301 24.08 288.499940  46.694139 13.469
 59     5.117 54263.64073365 21.41 288.498660  46.690889 13.469
 60    67.319 54298.64073211  8.16 288.510654  46.721463  4.599
 60    64.968 54298.64073276  8.72 288.509384  46.718213  4.599
 60    60.332 54298.64073340  8.78 288.508104  46.714973  4.599
 60    63.525 54298.64073405  8.38 288.506824  46.711723  4.599
 60    57.668 54298.64073469  8.87 288.505544  46.708473  4.599
 60    52.190 54298.64073534  8.95 288.504264  46.705223  4.599
 60     6.018 54298.64073598  9.39 288.502994  46.701973  4.599
 60     5.806 54298.64073662  9.87 288.501714  46.698723  4.599
 60     5.871 54298.64073727  9.76 288.500436  46.695484  7.914
 60    51.855 54298.64073791  8.79 288.499156  46.692234  7.914
 60    58.330 54298.64073856  9.27 288.497886  46.688984  7.914
 61     4.200 54333.64072223 29.70 288.507326  46.721522  6.799
 61     2.073 54333.64072288 27.25 288.506046  46.718282  6.799
 61     1.647 54333.64072352 28.46 288.504766  46.715032  6.799
 61     2.129 54333.64072416 28.09 288.503486  46.711782  6.799
 61     1.644 54333.64072481 28.62 288.502216  46.708532  6.799
 61     1.318 54333.64072545 28.96 288.500936  46.705282  6.799
 61     1.844 54333.64072610 29.02 288.499656  46.702032  6.799
 61     1.678 54333.64072674 29.37 288.498383  46.698792  5.531
 61     1.404 54333.64072739 28.89 288.497103  46.695542  5.531
 61     1.689 54333.64072803 28.17 288.495823  46.692292  5.531
 61     1.742 54333.64072868 28.62 288.494553  46.689042  5.531
 63    20.118 54403.64066742 11.02 288.504746  46.713798  4.293
 63    20.553 54403.64066807 10.46 288.503466  46.710558  4.293
 63     5.366 54403.64066871 11.31 288.502186  46.707308  4.293
 64     3.305 54438.64062359 31.48 288.514460  46.716665  7.663
 64     3.066 54438.64062424 34.25 288.513180  46.713425  7.663
 64     3.686 54438.64062488 34.52 288.511904  46.710169 11.824
 64     5.560 54438.64062553 36.09 288.510624  46.706929 11.824
 64     5.219 54438.64062617 35.53 288.509354  46.703679 11.824
 64     6.619 54438.64062682 33.54 288.508074  46.700429 11.824
 64     5.706 54438.64062746 34.98 288.506794  46.697179 11.824
 64     4.448 54438.64062811 35.91 288.505514  46.693929 11.824
 64     3.298 54438.64062875 33.54 288.504234  46.690689 11.824
 64     3.072 54438.64062940 27.86 288.502954  46.687439 11.824
 65    73.890 54473.64065175  9.66 288.513157  46.721398  3.772
 65    72.965 54473.64065239  8.78 288.511877  46.718158  3.772
 65    69.724 54473.64065304  8.47 288.510597  46.714908  3.772
 65    73.352 54473.64065368  8.18 288.509327  46.711658  3.772
 65    71.559 54473.64065433  7.53 288.508047  46.708408  3.772
 66    77.764 54508.64063427  7.25 288.515299  46.720808  1.724
 66    80.729 54508.64063491  7.06 288.514019  46.717558  1.724
 66   100.412 54508.64063814  5.12 288.507629  46.701328  1.724
 66   101.837 54508.64063878  5.00 288.506349  46.698078  1.724
 66   103.025 54508.64063943  5.02 288.505069  46.694828  1.724
 66   104.020 54508.64064007  4.89 288.503789  46.691578  1.724
 66   105.723 54508.64064072  4.78 288.502519  46.688328  1.724
 67    61.914 54543.64066723 12.37 288.507329  46.716276  9.676
 67    68.003 54543.64066788  9.93 288.506059  46.713026  9.676
 67    20.631 54543.64066852 26.84 288.504779  46.709776  9.676
 67     4.765 54543.64066916 35.03 288.503499  46.706536  9.676
 67     1.197 54543.64066981 39.39 288.502219  46.703286  9.676
 67     1.358 54543.64067045 37.51 288.500949  46.700036  9.676
 67     0.761 54543.64067110 41.39 288.499669  46.696786  9.676
 67     0.775 54543.64067174 31.09 288.498389  46.693536  9.676
 67     0.714 54543.64067239 26.73 288.497117  46.690295  7.573
 68    70.383 54578.64063545 10.06 288.510977  46.720238  3.390
 68    69.623 54578.64063609  9.74 288.509697  46.716988  3.390
 68    70.410 54578.64063674  8.48 288.508417  46.713748  3.390
 68    72.071 54578.64063738  8.05 288.507137  46.710498  3.390
 68    76.079 54578.64063803  7.20 288.505857  46.707248  3.390
 68    80.630 54578.64063867  6.86 288.504587  46.703998  3.390
 68   101.694 54578.64064125 10.89 288.499477  46.691008  3.390
 68   102.666 54578.64064189  9.64 288.498197  46.687758  3.390
 69    69.467 54613.64065630  9.16 288.509906  46.722007  3.835
 69    68.361 54613.64065694  8.97 288.508626  46.718767  3.835
 69    68.242 54613.64065758  8.69 288.507346  46.715517  3.835
 69    70.751 54613.64065823  8.34 288.506066  46.712267  3.835
 69    68.484 54613.64065887  8.45 288.504796  46.709017  3.835
 69    71.058 54613.64065952  8.31 288.503516  46.705767  3.835
 69    72.795 54613.64066016  8.48 288.502236  46.702527  3.835
 69    69.526 54613.64066081  9.23 288.500956  46.699277  3.835
 69    81.314 54613.64066145  8.28 288.499686  46.696027  3.835
 69    99.004 54613.64066210  7.93 288.498406  46.692777  3.835
 69   100.675 54613.64066274  7.79 288.497126  46.689537  3.835
 70     5.275 54648.64066434 19.00 288.510268  46.721875  6.570
 70     2.556 54648.64066498 20.05 288.508988  46.718625  6.570
 70     4.456 54648.64066562 15.53 288.507708  46.715375  6.570
 70     3.487 54648.64066627 14.19 288.506438  46.712125  6.570
 70     2.785 54648.64066691 15.79 288.505158  46.708885  6.570
 70     6.212 54648.64066756 14.37 288.503878  46.705635  6.570
 71    68.357 54683.64066378  7.08 288.505892  46.719872  4.427
 71    67.973 54683.64066443  6.49 288.504612  46.716632  4.427
 71    67.214 54683.64066507  6.68 288.503332  46.713382  4.427
 71    60.427 54683.64066572  7.68 288.502052  46.710132  4.427
 71    55.576 54683.64066636  8.20 288.500782  46.706882  4.427
 71    60.087 54683.64066701  7.55 288.499502  46.703632  4.427
 71    48.164 54683.64066765  8.82 288.498222  46.700392  4.427
 71    50.668 54683.64066830  7.99 288.496952  46.697142  4.427
 71    58.276 54683.64066894  7.66 288.495672  46.693892  4.427
 71    77.722 54683.64066959  7.81 288.494392  46.690642  4.427
 71    81.509 54683.64067023  7.91 288.493112  46.687392  4.427
 72     5.147 54718.64060980 18.40 288.517343  46.723072 10.474
 72     4.286 54718.64061044 18.50 288.516073  46.719822 10.474
 72     3.017 54718.64061109 19.78 288.514793  46.716572 10.474
 72     3.289 54718.64061173 19.50 288.513513  46.713322 10.474
 72     3.673 54718.64061238 20.18 288.512233  46.710082 10.474
 72     4.941 54718.64061302 21.54 288.510953  46.706832 10.474
 72     5.052 54718.64061367 22.16 288.509673  46.703582 10.474
 72     5.586 54718.64061431 25.11 288.508393  46.700332 10.474
 72     5.499 54718.64061496 29.89 288.507123  46.697082 10.474
 72     4.690 54718.64061560 32.28 288.505843  46.693842 10.474
 72     3.478 54718.64061625 33.00 288.504563  46.690592 10.474
 73     3.344 54753.64063675 24.88 288.510371  46.721761  6.674
 73     3.419 54753.64063739 19.86 288.509091  46.718511  6.674
 73     4.364 54753.64063804 15.55 288.507811  46.715261  6.674
 73     4.355 54753.64063868 14.43 288.506541  46.712011  6.674
 73     5.151 54753.64063933 14.77 288.505261  46.708771  6.674
 73     4.147 54753.64063997 14.79 288.503981  46.705521  6.674
 73     4.475 54753.64064062 14.82 288.502701  46.702271  6.674
 73     3.630 54753.64064126 15.55 288.501421  46.699021  6.674
 73     4.698 54753.64064190 16.37 288.500151  46.695771  6.674
 73     5.073 54753.64064255 16.01 288.498871  46.692531  6.674
 73     5.820 54753.64064319 20.26 288.497597  46.689283  8.009
 74    62.011 54788.64060230 11.74 288.515296  46.723061  5.001
 74    57.819 54788.64060295 12.18 288.514016  46.719811  5.001
 74    63.283 54788.64060359 11.96 288.512736  46.716561  5.001
 74    54.147 54788.64060424 11.83 288.511456  46.713311  5.001
 74     4.320 54788.64060488 13.22 288.510186  46.710071  5.001
 74     4.555 54788.64060553 12.92 288.508906  46.706821  5.001
 74     3.354 54788.64060617 14.29 288.507626  46.703571  5.001
 74     3.034 54788.64060681 13.60 288.506346  46.700321  5.001
 74     2.966 54788.64060746 13.05 288.505066  46.697071  5.001
 75     2.928 54823.64063172 36.13 288.511911  46.720460 12.124
 75     1.916 54823.64063237 41.05 288.510631  46.717210 12.124
 75     2.475 54823.64063301 38.55 288.509351  46.713960 12.124
 75     2.520 54823.64063366 33.26 288.508081  46.710710 12.124
 75     3.340 54823.64063430 32.92 288.506801  46.707470 12.124
 75     2.890 54823.64063495 34.20 288.505521  46.704220 12.124
 75     3.210 54823.64063559 34.73 288.504241  46.700970 12.124
 75     3.921 54823.64063623 31.19 288.502971  46.697720 12.124
 75     0.809 54823.64063688 25.92 288.501691  46.694470 12.124
 75     1.039 54823.64063752 24.90 288.500412  46.691231  8.022
 75     0.219 54823.64063817 24.15 288.499132  46.687981  8.022
 76     5.674 54858.64059661 26.00 288.517342  46.722297 12.873
 76     4.614 54858.64059726 35.42 288.516062  46.719047 12.873
 76     1.755 54858.64059790 40.59 288.514782  46.715797 12.873
 76    -0.686 54858.64059855 38.16 288.513502  46.712557 12.873
 76     7.151 54858.64059919 33.97 288.512222  46.709307 12.873
 76     6.727 54858.64059984 32.95 288.510942  46.706057 12.873
 76     7.249 54858.64060048 32.60 288.509662  46.702807 12.873
 76     0.848 54858.64060113 31.92 288.508392  46.699567 12.873
 76     4.507 54858.64060177 23.56 288.507112  46.696317 12.873
 76     4.552 54858.64060241 21.09 288.505832  46.693067 12.873
 76     4.484 54858.64060306 19.66 288.504552  46.689817 12.873
 77     4.666 54893.64063428 27.14 288.505311  46.720581 14.424
 77     4.660 54893.64063492 31.69 288.504031  46.717331 14.424
 77     5.289 54893.64063557 32.72 288.502761  46.714081 14.424
 77     4.939 54893.64063621 31.23 288.501481  46.710831 14.424
 77     4.770 54893.64063686 33.05 288.500201  46.707591 14.424
 77     3.969 54893.64063750 33.67 288.498921  46.704341 14.424
 77     4.198 54893.64063815 31.10 288.497651  46.701091 14.424
 77     3.863 54893.64063879 29.89 288.496371  46.697841 14.424
 77     4.188 54893.64063944 29.38 288.495091  46.694591 14.424
 77     4.138 54893.64064008 29.62 288.493813  46.691352  8.240
 77     3.840 54893.64064073 31.14 288.492543  46.688102  8.240
 78    68.430 54928.64059549 14.90 288.513048  46.721894  4.167
 78    69.353 54928.64059614 12.91 288.511768  46.718654  4.167
 78    69.945 54928.64059678 11.91 288.510488  46.715404  4.167
 78    71.782 54928.64059743  9.69 288.509208  46.712154  4.167
 78    72.407 54928.64059807  9.74 288.507928  46.708904  4.167
 78   100.746 54928.64060065  9.07 288.502818  46.695914  4.167
 78   101.617 54928.64060130  9.74 288.501538  46.692664  4.167
 78   102.011 54928.64060194 11.30 288.500268  46.689414  4.167
 79    67.435 54963.64063322  9.22 288.508904  46.721091  8.449
 79    65.765 54963.64063386  9.61 288.507624  46.717841  8.449
 79    69.379 54963.64063451  7.63 288.506344  46.714591  8.449
 79     3.096 54963.64063644 28.07 288.502514  46.704851  8.449
 79     2.316 54963.64063709 28.50 288.501234  46.701601  8.449
 79     2.218 54963.64063773 25.77 288.499954  46.698351  8.449
 79     2.033 54963.64063837 24.68 288.498684  46.695101  8.449
 79     2.359 54963.64063902 22.46 288.497404  46.691851  8.449
 79     1.219 54963.64063966 21.68 288.496124  46.688611  8.449
 80     2.754 54998.64065523 30.22 288.503792  46.715734  7.716
 80     2.144 54998.64065588 32.25 288.502522  46.712484  7.716
 80     2.940 54998.64065652 31.37 288.501242  46.709244  7.716
 80     2.931 54998.64065717 30.55 288.499962  46.705994  7.716
 80     3.396 54998.64065781 30.10 288.498682  46.702744  7.716
 80     4.425 54998.64065846 31.26 288.497412  46.699494  7.716
 80     4.490 54998.64065910 30.85 288.496132  46.696244  7.716
 80     3.986 54998.64065975 31.58 288.494852  46.693004  7.716
 80     5.971 54998.64066039 30.64 288.493571  46.689755  6.962
 80     5.023 54998.64066104 31.21 288.492301  46.686505  6.962
 82     5.187 55068.64063095 32.05 288.506016  46.721399 12.075
 82     4.586 55068.64063159 33.72 288.504736  46.718149 12.075
 82     4.309 55068.64063224 34.43 288.503456  46.714909 12.075
 82     4.327 55068.64063288 34.61 288.502176  46.711659 12.075
 82     4.395 55068.64063353 36.13 288.500906  46.708409 12.075
 82     4.604 55068.64063417 36.12 288.499626  46.705159 12.075
 82     3.790 55068.64063481 36.16 288.498346  46.701909 12.075
 82     3.708 55068.64063546 36.41 288.497076  46.698669 12.075
 82     3.970 55068.64063610 36.67 288.495796  46.695419 12.075
 82     4.025 55068.64063675 36.83 288.494516  46.692169 12.075
 82     4.177 55068.64063739 37.21 288.493246  46.688919 12.075
 83     4.894 55103.64056988 24.55 288.513755  46.722176 10.064
 83     5.491 55103.64057053 23.35 288.512475  46.718926 10.064
 83     3.532 55103.64057117 23.81 288.511195  46.715686 10.064
 83     3.399 55103.64057182 23.57 288.509915  46.712436 10.064
 83     3.481 55103.64057246 22.99 288.508635  46.709186 10.064
 83     4.897 55103.64057310 23.49 288.507365  46.705936 10.064
 83     4.620 55103.64057375 24.18 288.506085  46.702686 10.064
 83     4.787 55103.64057439 27.20 288.504805  46.699446 10.064
 83     4.228 55103.64057504 29.50 288.503525  46.696196 10.064
 83     4.379 55103.64057568 32.27 288.502245  46.692946 10.064
 83     4.607 55103.64057633 28.94 288.500975  46.689696 10.064
 84    72.380 55138.64057832  8.69 288.509724  46.721780  3.265
 84    70.236 55138.64057896  8.47 288.508444  46.718530  3.265
 84    70.331 55138.64057961  7.27 288.507164  46.715280  3.265
 84    70.599 55138.64058025  6.76 288.505894  46.712030  3.265
 84    72.057 55138.64058090  5.95 288.504614  46.708780  3.265
 84    73.147 55138.64058154  5.86 288.503334  46.705540  3.265
 84    91.832 55138.64058283  5.33 288.500784  46.699040  3.265
 84    99.370 55138.64058347  4.81 288.499504  46.695790  3.265
 84   101.987 55138.64058412  5.24 288.498224  46.692540  3.265
 84   102.929 55138.64058476  5.59 288.496952  46.689301  7.417
 85    72.247 55173.64053865  6.95 288.515728  46.720659  6.572
 85    71.614 55173.64053930  5.22 288.514448  46.717409  6.572
 85    14.970 55173.64053994 12.25 288.513168  46.714169  6.572
 85     3.696 55173.64054059 11.79 288.511888  46.710919  6.572
 85     4.185 55173.64054123 12.85 288.510608  46.707669  6.572
 85     3.288 55173.64054188 12.90 288.509328  46.704419  6.572
 85     5.018 55173.64054252 12.32 288.508058  46.701169  6.572
 85     4.835 55173.64054317 12.90 288.506778  46.697929  6.572
 85     6.949 55173.64054381 13.77 288.505498  46.694679  6.572
 85     6.743 55173.64054446 20.60 288.504218  46.691429  6.572
 85     3.855 55173.64054510 17.43 288.502938  46.688179  6.572
 86    77.733 55208.64057282  5.13 288.511012  46.722043  1.780
 86    78.405 55208.64057347  4.39 288.509732  46.718793  1.780
 86    79.049 55208.64057411  4.25 288.508452  46.715543  1.780
 86    88.288 55208.64057476  3.76 288.507182  46.712293  1.780
 86    94.742 55208.64057540  3.22 288.505902  46.709053  1.780
 86    96.785 55208.64057605  2.78 288.504622  46.705803  1.780
 86    96.936 55208.64057669  2.06 288.503342  46.702553  1.780
 86    99.321 55208.64057734  1.54 288.502072  46.699303  1.780
 86   100.644 55208.64057798  1.49 288.500792  46.696053  1.780
 86   102.424 55208.64057862  1.01 288.499512  46.692813  1.780
 86   103.723 55208.64057927  0.48 288.498237  46.689565  2.211
 87     7.297 55243.64054381 36.49 288.513388  46.721695 16.900
 87     3.571 55243.64054445 41.76 288.512108  46.718455 16.900
 87     5.624 55243.64054509 40.43 288.510828  46.715205 16.900
 87     5.226 55243.64054574 37.53 288.509548  46.711955 16.900
 87     5.870 55243.64054638 34.33 288.508268  46.708705 16.900
 87     4.838 55243.64054703 38.91 288.506998  46.705455 16.900
 87     6.104 55243.64054767 37.44 288.505718  46.702215 16.900
 87     5.791 55243.64054832 42.35 288.504438  46.698965 16.900
 87     7.101 55243.64054896 37.64 288.503158  46.695715 16.900
 87     3.078 55243.64054961 30.90 288.501878  46.692465 16.900
 87     2.727 55243.64055025 26.07 288.500608  46.689225 16.900
 88    70.228 55278.64056667  5.90 288.506322  46.722087  5.014
 88    60.217 55278.64056731  9.37 288.505042  46.718837  5.014
 88    65.639 55278.64056795  7.27 288.503762  46.715587  5.014
 88    61.057 55278.64056860  7.73 288.502492  46.712337  5.014
 88    55.259 55278.64056924  7.69 288.501212  46.709087  5.014
 88    56.199 55278.64056989  7.30 288.499932  46.705847  5.014
 88     4.549 55278.64057053  8.33 288.498652  46.702597  5.014
 88     4.132 55278.64057118  8.74 288.497382  46.699347  5.014
 88     3.347 55278.64057182  9.47 288.496102  46.696097  5.014
 88     3.898 55278.64057247  9.52 288.494822  46.692847  5.014
 88     4.077 55278.64057311  9.10 288.493544  46.689606  8.245
 88     4.141 55278.64057376 12.21 288.492274  46.686356  8.245
 89    73.337 55313.64053291  7.54 288.503859  46.704768  3.361
 89    76.775 55313.64053355  7.12 288.502579  46.701528  3.361
 89    80.849 55313.64053419  7.35 288.501299  46.698278  3.361
 89     2.561 55313.64053548 17.44 288.498749  46.691778  3.361
 89     2.970 55313.64053613 19.09 288.497469  46.688528  3.361
 90    68.867 55348.64053714 13.31 288.508142  46.722551  4.818
 90     4.426 55348.64054359 12.29 288.495364  46.690072  1.660
 90     4.141 55348.64054424 11.75 288.494094  46.686822  1.660
 91    69.313 55383.64052839  7.20 288.513198  46.721757  3.126
 91    68.701 55383.64052904  5.52 288.511918  46.718507  3.126
 91    69.104 55383.64052968  5.16 288.510638  46.715257  3.126
 91    71.809 55383.64053033  3.79 288.509368  46.712017  3.126
 91    71.310 55383.64053097  3.50 288.508088  46.708767  3.126
 91    72.302 55383.64053162  2.98 288.506808  46.705517  3.126
 91    73.857 55383.64053226  2.74 288.505528  46.702267  3.126
 91    87.659 55383.64053290  2.58 288.504248  46.699017  3.126
 91    86.801 55383.64053355  2.74 288.502978  46.695777  3.126
 91    92.633 55383.64053419  2.89 288.501693  46.692529  9.783
 91    56.499 55383.64053484 12.59 288.500413  46.689279  9.783
 92     2.451 55418.64055600 22.85 288.511467  46.721347  7.456
 92     2.120 55418.64055664 20.57 288.510187  46.718097  7.456
 92     2.361 55418.64055729 14.59 288.508907  46.714847  7.456
 92     2.303 55418.64055793 14.47 288.507637  46.711597  7.456
 92     1.955 55418.64055858 13.88 288.506357  46.708347  7.456
 92     2.379 55418.64055922 13.45 288.505077  46.705107  7.456
 92     2.214 55418.64055987 13.63 288.503797  46.701857  7.456
 92     1.878 55418.64056051 14.43 288.502517  46.698607  7.456
 92     2.799 55418.64056116 13.46 288.501247  46.695357  7.456
 93    66.553 55453.64053617  8.79 288.504919  46.720234  5.753
 93    64.471 55453.64053682  8.46 288.503639  46.716984  5.753
 93    62.268 55453.64053746  8.46 288.502359  46.713744  5.753
 93    63.400 55453.64053811  8.94 288.501079  46.710494  5.753
 93    54.073 55453.64053875 10.05 288.499809  46.707244  5.753
 93    49.067 55453.64053939  9.31 288.498529  46.703994  5.753
 93    50.518 55453.64054004  9.04 288.497249  46.700744  5.753
 93    49.140 55453.64054068  9.41 288.495979  46.697504  5.753
 93    43.838 55453.64054133 10.37 288.494699  46.694254  5.753
 93    57.740 55453.64054197  9.33 288.493419  46.691004  5.753
 93    57.031 55453.64054262 11.25 288.492149  46.687754  5.753
 94     2.434 55488.64045682 22.09 288.502569  46.721898  7.473
 94     1.156 55488.64045746 27.69 288.501289  46.718648  7.473
 94     0.992 55488.64045811 25.64 288.500009  46.715398  7.473
 94     0.352 55488.64045875 22.16 288.498739  46.712148  7.473
 94    -0.881 55488.64045940 21.88 288.497459  46.708898  7.473
 94    -0.721 55488.64046004 22.39 288.496179  46.705658  7.473
