#    0.000   0.000   0.000 ;Mean Elev.(m), Avg Gradient(m/km), RMS Gradient(m/km) - SRTM1     
#    0.000   0.000   0.000 ;Mean Elev.(m), Avg Gradient(m/km), RMS Gradient(m/km) - ASTER GDEM
#    1.345  -1.718   5.736 ;Mean Elev.(m), Avg Gradient(m/km), RMS Gradient(m/km) - GMTED2010 
  8 287.672085  46.421155     2.878     2.914 13 52497.64273749 23.104
 10 287.678878  46.420609     2.250     1.716 14 52567.64274928 33.434
 11 287.665184  46.421410     3.830     4.130 13 52602.64274990 24.965
 12 287.674541  46.419637     2.270     2.073 14 52637.64272080 41.896
 13 287.669672  46.421695     2.975     2.961 12 52672.64272215 42.019
 14 287.676167  46.419465     1.876     1.987 14 52707.64272701 38.363
 15 287.666135  46.422140     4.299     3.212 13 52742.64275795 30.969
 17 287.675314  46.420933     2.579     2.661 14 52812.64277816 47.108
 18 287.676955  46.420948     4.639     5.164 14 52847.64283234 24.325
 19 287.669529  46.420773     2.357     2.391 13 52882.64286899 21.863
 20 287.670300  46.421035     2.856     2.101 13 52917.64282582 24.153
 21 287.684504  46.421274     2.490     1.960 13 52952.64278726 29.916
 22 287.681976  46.421656     3.422     3.414 14 52987.64280019 47.600
 23 287.674393  46.420274     2.634     2.660 13 53022.64278880 37.884
 24 287.682359  46.421436     3.764     3.770 13 53057.64278128 45.429
 25 287.658744  46.418595     5.502     5.733 14 53092.64282035 27.733
 26 287.680392  46.420303     5.760     5.589 13 53127.64279017 14.968
 28 287.673964  46.420370     2.943     2.989 13 53197.64285468 45.150
 29 287.677610  46.419882     3.160     3.236 13 53232.64283159 40.706
 30 287.662589  46.419118     2.330     2.402 14 53267.64280064 28.259
 31 287.668029  46.420796     1.986     1.964 13 53302.64285571 22.551
 32 287.670669  46.421950     1.576     0.428 13 53337.64282531 25.045
 33 287.668312  46.422515     2.582     2.463 13 53372.64275989 37.364
 34 287.677541  46.420804     2.856     2.813 14 53407.64279830 43.938
 35 287.666122  46.421991     3.867     3.783 13 53442.64278347 39.204
 36 287.670227  46.421376     4.190     3.544 12 53477.64285549 21.306
 37 287.672455  46.420755     5.992     5.808 13 53512.64286653 16.346
 38 287.665356  46.420530     2.806     2.903 13 53547.64288474 44.466
 39 287.670796  46.422418     2.460     2.464 13 53582.64285304 47.452
 40 287.661978  46.419789     3.105     2.710 14 53617.64280945 21.052
 41 287.675093  46.420340     2.854     2.016 13 53652.64282825 30.244
 42 287.668083  46.421026     2.186     2.014 13 53687.64283023 22.048
 43 287.668567  46.421211     2.705     2.739 12 53722.64275542 40.608
 44 287.685090  46.420936     3.394     3.412 14 53757.64268955 47.211
 45 287.674400  46.420385     3.241     3.267 14 53792.64271360 40.046
 46 287.683832  46.420532     6.604     6.879 14 53827.64268031 21.703
 47 287.672487  46.420570     5.331     5.278 13 53862.64276648 19.872
 48 287.674907  46.420806     5.350     5.568 14 53897.64278858 20.299
 49 287.661662  46.419798     2.429     2.515 14 53932.64283688 48.104
 50 287.663626  46.419613     2.488     2.573 13 53967.64281077 27.638
 51 287.683400  46.420560     4.031     3.194 14 54002.64277633 34.784
 52 287.677631  46.420445     6.687     6.703 13 54037.64281390 20.406
 53 287.672911  46.420559     3.855     3.808 13 54072.64280857 28.700
 54 287.663417  46.420217     5.985     6.377 14 54107.64275767 20.828
 55 287.674982  46.419182     2.347     2.445 14 54142.64274368 41.734
 56 287.666930  46.420411     3.805     3.832 13 54177.64274037 37.221
 57 287.673399  46.419609     4.391     4.061 14 54212.64275091 28.064
 58 287.672965  46.419742     4.082     3.271 13 54247.64277959 22.955
 60 287.673100  46.421128     2.443     2.350 14 54317.64278697 47.509
 61 287.669122  46.422060     3.154     2.509 12 54352.64275241 28.538
 62 287.674495  46.419959     1.859     2.172 14 54387.64272689 34.791
 63 287.669437  46.422144     3.643     3.502 13 54422.64270238 28.824
 64 287.678909  46.421108     2.657     2.444 14 54457.64270049 30.571
 65 287.670404  46.420257     2.783     2.590 13 54492.64270558 36.693
 66 287.677197  46.420741     2.802     2.749 14 54527.64271339 38.369
 67 287.668148  46.422340     4.090     4.089 13 54562.64271285 32.505
 68 287.672810  46.420936     5.875     5.694 14 54597.64270888 20.246
 69 287.671311  46.420199     4.771     3.751 13 54632.64272255 19.594
 70 287.670551  46.420566     3.302     3.333 13 54667.64272798 35.301
 71 287.669935  46.421741     0.098     0.123 13 54702.64269398 25.965
 72 287.676269  46.419473     3.654     3.088 14 54737.64268907 32.176
 73 287.670736  46.419861     3.249     2.660 13 54772.64267568 31.206
 74 287.676095  46.420447     2.340     2.378 14 54807.64268249 41.422
 75 287.671600  46.421198     3.298     3.242 13 54842.64267204 38.589
 76 287.672774  46.420316     3.155     3.019 13 54877.64268503 41.054
 77 287.666227  46.421482     4.081     4.630 13 54912.64267688 21.925
 78 287.672864  46.420255     5.824     5.557 14 54947.64267705 23.426
 79 287.671293  46.421147     5.110     5.006 13 54982.64270269 19.582
 80 287.672556  46.420515     5.327     5.077 14 55017.64270178 24.575
 81 287.672793  46.421499     3.149     3.095 13 55052.64269669 23.597
 82 287.666948  46.421969     3.959     2.890 13 55087.64265988 31.918
 83 287.676404  46.419973     1.749     1.086 13 55122.64263271 20.383
 84 287.668951  46.422368     2.941     2.163 13 55157.64262051 23.499
 85 287.676941  46.421350     2.780     2.739 14 55192.64262191 36.424
 86 287.668744  46.422405     3.564     3.536 13 55227.64262192 41.986
 87 287.673590  46.419812     3.062     3.111 14 55262.64261795 34.453
 88 287.668888  46.422029     6.103     5.673 13 55297.64260569 17.512
 89 287.670697  46.422284     5.298     5.381 13 55332.64259647 14.629
 90 287.671502  46.421405     2.291     2.357 13 55367.64258896 45.908
 91 287.676683  46.421162     3.417     2.907 14 55402.64260350 24.328
 92 287.672292  46.420872     2.911     2.326 13 55437.64260657 46.751
 93 287.667664  46.421561     5.525     5.117 13 55472.64255608 16.377
