#    0.000   0.000   0.000 ;Mean Elev.(m), Avg Gradient(m/km), RMS Gradient(m/km) - SRTM1     
#    0.000   0.000   0.000 ;Mean Elev.(m), Avg Gradient(m/km), RMS Gradient(m/km) - ASTER GDEM
#    2.613  -5.333   9.222 ;Mean Elev.(m), Avg Gradient(m/km), RMS Gradient(m/km) - GMTED2010 
  7 288.762444  46.770786    93.582    94.327  4 52461.08919183  9.217
  9 288.753330  46.758340    67.581    67.581  2 52531.08917552 10.727
 10 288.763225  46.764781    53.016    53.016  2 52566.08919705 12.487
 11 288.757711  46.765869    83.545    83.692  4 52601.08921349 14.472
 12 288.753148  46.764189    96.231    96.073  4 52636.08917558  6.003
 13 288.759203  46.766528    88.974    89.062  4 52671.08918231  7.336
 14 288.757566  46.766314    94.487    94.361  4 52706.08917790  5.579
 15 288.758692  46.766725    47.376    46.185  3 52741.08921123 17.473
 16 288.767082  46.774528    11.284     3.300  5 52776.08915734 25.295
 17 288.752653  46.762196    83.995    84.783  4 52811.08923196  9.881
 22 288.763574  46.770992    86.681    86.066  5 52986.08926328 10.798
 23 288.763916  46.772097    86.520    86.150  6 53021.08925342  7.710
 24 288.761422  46.768046    94.506    95.594  3 53056.08924175  6.504
 28 288.762315  46.764888    59.890    59.890  2 53196.08930909 12.065
 30 288.765764  46.767529    56.468    54.912  3 53266.08926331 11.172
 31 288.748111  46.762763    84.268    84.268  2 53301.08931287 10.682
 32 288.760009  46.767450    85.016    81.281  3 53336.08928403 10.723
 33 288.766806  46.772414    84.502    83.296  6 53371.08922211 10.220
 35 288.764681  46.771328    90.608    88.637  5 53441.08924359  6.719
 36 288.753279  46.762238    82.013    80.823  4 53476.08930884 11.240
 38 288.757978  46.763638    64.563    64.563  2 53546.08934050 10.209
 42 288.757730  46.761776    61.415    61.415  2 53686.08928928 11.271
 43 288.766383  46.773001    85.383    85.593  5 53721.08921714  6.140
 44 288.760795  46.770404    85.543    85.544  5 53756.08914504  8.352
 45 288.763336  46.772192    89.337    90.131  5 53791.08917265  6.202
 46 288.757670  46.766118    28.802    23.680  4 53826.08913185 19.825
 48 288.759191  46.766343    92.869    92.995  3 53896.08924255 11.540
 49 288.751451  46.763622    84.508    83.358  3 53931.08929375 10.255
 51 288.754392  46.764402    87.856    87.075  3 54001.08923051  9.821
 52 288.760737  46.765119    65.262    65.262  2 54036.08927157 10.794
 53 288.761207  46.768391    82.254    81.943  4 54071.08926624  8.701
 54 288.763923  46.772292    85.951    86.014  5 54106.08921932 14.641
 55 288.756928  46.764417    94.806    94.923  4 54141.08919893  7.200
 56 288.761485  46.770579    92.154    92.279  5 54176.08919999  7.122
 57 288.755501  46.766939    52.695    52.371  3 54211.08920620 13.440
 58 288.759122  46.764779    61.648    61.648  2 54246.08923589 10.508
 63 288.762014  46.769283    83.156    83.088  4 54421.08916295 11.190
 64 288.756182  46.763555    87.817    87.211  4 54456.08915648  5.546
 65 288.762339  46.769260    87.323    87.353  5 54491.08916419  6.523
 66 288.759021  46.766764    92.532    96.586  4 54526.08916979  6.094
 67 288.762255  46.769816    83.132    83.324  5 54561.08917298 14.555
 68 288.759873  46.765400    58.542    54.864  3 54596.08916571 11.727
 69 288.759681  46.764381    54.837    54.837  2 54631.08917911 11.045
 71 288.765550  46.768753    62.018    62.311  3 54701.08915495 10.546
 72 288.758150  46.760004    60.024    60.024  2 54736.08914425 11.441
 74 288.755889  46.763032    88.877    88.863  4 54806.08913843  8.916
 75 288.760306  46.768605    88.971    90.982  3 54841.08913114  5.854
 76 288.757506  46.765065    91.156    93.592  4 54876.08913993  6.736
 77 288.761831  46.769844    87.951    88.019  5 54911.08913650  8.656
 78 288.755613  46.765230    61.229    61.082  4 54946.08913300 11.734
 79 288.759955  46.763392    64.890    64.890  2 54981.08915872 15.417
 80 288.761110  46.763628    63.321    63.321  2 55016.08915989 14.342
 81 288.760995  46.767741    59.986    56.953  3 55051.08915536 11.806
 82 288.765356  46.767109    81.777    81.777  2 55086.08912049 10.801
 83 288.758170  46.765968    59.572    58.839  4 55121.08908866 10.466
 85 288.755137  46.765896    98.164    98.382  4 55191.08907836  5.849
 86 288.761137  46.768152    83.822    84.556  3 55226.08908106  6.419
 87 288.759489  46.767667    92.591    95.097  4 55261.08907400  7.672
 88 288.764974  46.764927    58.109    58.109  2 55296.08906584 14.247
 92 288.761934  46.769904    86.396    84.167  3 55436.08906571 10.095
 93 288.767182  46.766628    59.213    56.221  3 55471.08901677 14.463
