#    0.000   0.000   0.000 ;Mean Elev.(m), Avg Gradient(m/km), RMS Gradient(m/km) - SRTM1     
#    0.000   0.000   0.000 ;Mean Elev.(m), Avg Gradient(m/km), RMS Gradient(m/km) - ASTER GDEM
#    1.119  -3.175   7.524 ;Mean Elev.(m), Avg Gradient(m/km), RMS Gradient(m/km) - GMTED2010 
  8 287.490659  46.348439     3.600     3.345  4 52499.09310709 31.476
 10 287.486875  46.343704     3.064     2.700  5 52569.09312210 29.351
 11 287.486638  46.351175     3.158     3.158  2 52604.09310964 43.314
 12 287.479140  46.347650     2.972     2.972  2 52639.09308851 42.087
 13 287.488929  46.347198     3.421     3.666  5 52674.09308500 47.412
 14 287.483086  46.345094     3.099     3.138  5 52709.09309842 40.144
 15 287.483668  46.344384     6.652     6.309  4 52744.09312742 26.856
 17 287.478798  46.343063     3.441     3.074  5 52814.09314716 28.517
 18 287.482841  46.343443     3.107     2.995  5 52849.09320016 36.078
 19 287.484593  46.344469     3.698     3.180  5 52884.09323589 37.511
 20 287.491660  46.346730     2.996     2.886  5 52919.09319249 37.317
 24 287.493926  46.345478     4.015     4.134  5 53059.09314482 36.092
 25 287.485153  46.345720     4.353     4.362  5 53094.09318291 50.200
 26 287.488401  46.345510     4.031     3.941  6 53129.09315464 30.208
 28 287.486461  46.346309     3.594     3.105  5 53199.09322355 30.041
 29 287.495665  46.352927     3.205     3.205  2 53234.09319467 36.648
 30 287.494768  46.346488     3.814     3.549  5 53269.09316057 24.217
 31 287.477037  46.341955     3.848     3.715  6 53304.09322063 45.189
 32 287.488740  46.346278     3.810     3.329  5 53339.09319004 29.324
 35 287.494306  46.347704     4.139     4.130  5 53444.09314755 39.048
 36 287.478779  46.343629     4.730     4.742  5 53479.09322470 48.070
 37 287.487128  46.345094    22.198    27.305  5 53514.09323323 15.826
 38 287.484442  46.344236     3.917     3.510  5 53549.09325174 29.081
 39 287.488322  46.352751     3.124     3.124  2 53584.09321695 34.753
 40 287.490514  46.349907     2.811     2.811  2 53619.09317297 28.685
 41 287.483827  46.345605     5.510     3.323  5 53654.09319678 26.433
 42 287.485994  46.344081     4.065     3.474  5 53689.09319303 30.378
 45 287.494195  46.345446     4.283     4.335  5 53794.09307846 37.156
 46 287.485168  46.344092    16.977    14.974  5 53829.09305242 22.163
 47 287.482094  46.343022     4.273     4.252  5 53864.09313318 43.800
 48 287.486345  46.344603     4.166     3.898  5 53899.09315825 39.586
 49 287.478576  46.343323     3.530     3.010  5 53934.09320282 26.478
 50 287.484631  46.345771     3.535     3.062  5 53969.09317387 40.002
 51 287.483725  46.342765     4.323     3.913  4 54004.09314573 31.325
 52 287.487981  46.345435     4.167     4.216  6 54039.09317932 31.055
 53 287.489529  46.347075     5.203     5.328  5 54074.09317389 29.638
 54 287.493364  46.348351    13.311    16.036  5 54109.09312005 20.474
 57 287.483732  46.345406    15.240    12.138  5 54214.09311898 26.691
 58 287.485731  46.344449     6.355     7.022  5 54249.09314694 26.344
 59 287.489176  46.345455     3.672     3.270  5 54284.09315487 36.938
 60 287.490056  46.345919     3.556     3.147  6 54319.09315235 35.311
 61 287.493697  46.345265     2.938     2.714  5 54354.09311587 39.079
 62 287.487938  46.345884     3.263     2.825  5 54389.09309250 34.744
 63 287.490106  46.346828     3.491     3.124  5 54424.09306595 26.447
 64 287.485012  46.343840     3.658     3.644  5 54459.09306738 35.953
 66 287.487479  46.344628     4.171     4.232  5 54529.09308022 42.624
 67 287.492540  46.346287     4.531     4.474  5 54564.09307742 41.019
 68 287.487016  46.345128     5.281     4.556  5 54599.09307623 27.901
 69 287.486403  46.344954    17.288    20.808  6 54634.09308871 27.156
 70 287.487156  46.346559     5.146     4.174  5 54669.09309390 23.374
 71 287.492872  46.346730     6.323     4.638  6 54704.09305790 25.564
 72 287.485209  46.344550     4.062     3.495  5 54739.09305581 30.998
 73 287.490081  46.350491     3.388     3.372  3 54774.09303941 35.674
 74 287.481744  46.347393     3.420     3.465  3 54809.09304980 44.851
 76 287.484919  46.344687     4.485     4.453  6 54879.09305240 47.159
 77 287.488904  46.350420     3.821     3.839  3 54914.09304165 37.346
 78 287.484512  46.344855     5.590     4.706  5 54949.09304509 30.881
 79 287.485723  46.344019     6.376     4.232  5 54984.09307000 27.289
 80 287.489181  46.345106     6.488     6.040  5 55019.09306629 21.297
 81 287.490228  46.345965     4.483     3.563  6 55054.09306268 27.852
 82 287.489343  46.352861     3.154     3.154  2 55089.09302480 35.507
 83 287.487138  46.344887     3.510     3.385  5 55124.09299918 31.276
 84 287.490105  46.345238     3.187     3.254  5 55159.09298402 32.494
 85 287.481401  46.349479     3.818     3.818  2 55194.09299043 47.240
 87 287.487795  46.344964     3.951     3.895  5 55264.09298444 45.699
 88 287.491960  46.347742     9.571     5.009  5 55299.09296986 29.589
 89 287.485981  46.350175     3.327     3.303  3 55334.09296367 49.905
 90 287.490061  46.344860     3.146     2.682  5 55369.09295355 35.099
 91 287.485186  46.345972     2.584     2.523  5 55404.09297062 42.001
 92 287.491445  46.345271     3.074     2.509  5 55439.09297205 34.631
 93 287.493411  46.348184     4.198     4.195  5 55474.09291899 31.319
