#    0.000   0.000   0.000 ;Mean Elev.(m), Avg Gradient(m/km), RMS Gradient(m/km) - SRTM1     
#    0.000   0.000   0.000 ;Mean Elev.(m), Avg Gradient(m/km), RMS Gradient(m/km) - ASTER GDEM
#    1.793  -0.768   3.998 ;Mean Elev.(m), Avg Gradient(m/km), RMS Gradient(m/km) - GMTED2010 
  7 286.870333  46.053778    -8.959    -8.927  3 52448.09507468 24.820
  8 286.880015  46.054935     3.854     3.846  4 52483.09506315 22.576
  9 286.887519  46.056579     3.517     3.351  5 52518.09502072 37.706
 11 286.885234  46.055172    15.240    15.664  5 52588.09505038 16.781
 12 286.886742  46.055884    10.358    10.391  4 52623.09500669 21.680
 13 286.882804  46.054844     3.781     3.769  5 52658.09502163 43.802
 15 286.883275  46.055873     8.158     8.905  4 52728.09504346 31.321
 16 286.878235  46.054710     4.343     4.310  3 52763.09505652 29.331
 17 286.880874  46.055387     3.766     3.773  4 52798.09502688 28.434
 18 286.881094  46.054143    17.896    18.865  4 52833.09509738 17.121
 19 286.886135  46.056174     8.235     7.700  5 52868.09514013 19.011
 20 286.883282  46.053903     3.366     3.412  4 52903.09515557 24.662
 21 286.887785  46.056274     4.175     4.174  4 52938.09509347 35.085
 22 286.877076  46.054124    12.410    11.667  3 52973.09512716 16.336
 23 286.877103  46.054119     5.256     5.263  3 53008.09513612 49.904
 24 286.873114  46.054129     4.873     4.861  3 53043.09509306 43.112
 25 286.878769  46.054516     4.853     4.912  3 53078.09512609 41.864
 26 286.870526  46.052229     5.171     5.148  3 53113.09509642 46.583
 27 286.876163  46.054300     4.577     4.581  3 53148.09514145 37.079
 28 286.886313  46.055053    11.887    11.154  5 53183.09514075 17.268
 29 286.881765  46.053745    12.603    10.915  4 53218.09516476 21.148
 30 286.883513  46.054513    11.666    11.286  4 53253.09514258 16.985
 31 286.869481  46.052603    12.229    12.080  3 53288.09514344 15.280
 32 286.888317  46.054974     3.820     3.742  5 53323.09511915 23.623
 33 286.890924  46.056459     4.202     4.201  5 53358.09508397 43.938
 34 286.875285  46.053591     4.631     4.679  3 53393.09509956 41.498
 35 286.887814  46.057557     4.656     4.659  5 53428.09509448 43.637
 36 286.878861  46.055040    10.469    10.472  4 53463.09511303 25.796
 37 286.873265  46.053596    11.561    11.365  4 53498.09518413 20.159
 38 286.885959  46.055968     3.847     3.830  5 53533.09516650 26.762
 39 286.877702  46.053611     3.583     3.624  3 53568.09518478 24.861
 40 286.888230  46.055230     6.999     8.005  5 53603.09513018 32.124
 41 286.872942  46.054922     3.856     3.757  3 53638.09512872 31.056
 42 286.875227  46.054029     5.997     5.258  4 53673.09514887 25.660
 43 286.891383  46.057073    12.924    12.433  5 53708.09508038 14.310
 44 286.893375  46.057763     4.583     4.529  5 53743.09499152 47.546
 45 286.884910  46.056361     4.856     4.942  5 53778.09501837 46.491
 46 286.891447  46.057697     4.999     4.969  5 53813.09499376 40.540
 47 286.874471  46.052799     5.097     5.074  3 53848.09504921 23.126
 49 286.873440  46.054648     5.189     3.947  3 53918.09513124 25.865
 50 286.874257  46.052510     8.499    10.206  3 53953.09513388 21.477
 52 286.877707  46.054636    11.181    10.768  4 54023.09511391 19.234
 53 286.887629  46.056095    14.064    12.929  4 54058.09510609 17.233
 54 286.886968  46.055911    11.822    11.255  5 54093.09508674 23.259
 55 286.876865  46.053056     4.863     4.927  3 54128.09502382 44.086
 56 286.881516  46.056179     4.909     4.896  4 54163.09505654 38.967
 57 286.877710  46.054153     5.497     4.478  4 54198.09502626 25.580
 58 286.880218  46.055784     5.161     4.291  4 54233.09507028 23.029
 59 286.882961  46.054170     4.981     4.283  4 54268.09508875 22.733
 60 286.882644  46.055836     4.064     4.046  4 54303.09509271 25.151
 61 286.884955  46.055264    10.427    10.552  5 54338.09507807 26.325
 62 286.880108  46.054476     3.425     3.448  3 54373.09502573 28.471
 63 286.881731  46.056330    11.853    10.547  4 54408.09502369 17.080
 64 286.876390  46.053292     3.752     3.677  3 54443.09498617 37.239
 65 286.883027  46.054851     5.667     5.722  4 54478.09501264 46.140
 66 286.877378  46.053865     4.661     4.672  4 54513.09500133 46.440
 67 286.884160  46.055146     4.427     4.471  4 54548.09502647 37.025
 68 286.881973  46.054750     7.820     7.730  4 54583.09499740 23.965
 69 286.881952  46.055052     9.790     9.703  5 54618.09501785 21.868
 70 286.880979  46.053493    12.304    11.674  4 54653.09502939 17.272
 71 286.883844  46.055886     7.886     7.893  4 54688.09501928 21.064
 72 286.877446  46.053827     7.420     8.062  4 54723.09497723 22.552
 73 286.881686  46.056403     4.987     3.381  4 54758.09499484 21.344
 74 286.874346  46.054906    12.365    11.601  3 54793.09497052 18.077
 75 286.880994  46.054967     4.513     4.535  4 54828.09499299 45.920
 76 286.878397  46.053397     4.774     4.801  4 54863.09496444 48.291
 77 286.882055  46.055226     4.619     4.601  4 54898.09499270 36.479
 78 286.878104  46.053815    11.436    11.384  3 54933.09495947 17.312
 79 286.881479  46.054830     9.563    10.111  4 54968.09499422 25.552
 80 286.878767  46.054461    13.018    12.615  4 55003.09501384 16.187
 81 286.883316  46.054610    12.951    12.492  4 55038.09500047 14.065
 82 286.884951  46.054627    13.771    12.296  4 55073.09498623 19.564
 83 286.877030  46.054384    16.209    18.929  3 55108.09493284 22.172
 84 286.882060  46.055067     3.952     3.878  4 55143.09493732 24.720
 85 286.876569  46.053685     3.240     3.415  3 55178.09490499 20.239
 86 286.881532  46.056158     4.114     4.047  4 55213.09493230 37.274
 87 286.879386  46.054142     3.975     4.026  4 55248.09490558 34.399
 88 286.882755  46.055464     6.396     6.098  4 55283.09492589 20.781
 89 286.880353  46.055648     4.286     4.281  4 55318.09489613 35.736
 90 286.882980  46.055221    15.862    15.775  4 55353.09489860 16.400
 91 286.876369  46.053615     3.448     3.369  3 55388.09489556 33.566
 92 286.882784  46.055653     3.168     3.175  4 55423.09491643 27.347
 93 286.886215  46.054981     5.745     3.212  5 55458.09488846 23.887
