#    0.000   0.000   0.000 ;Mean Elev.(m), Avg Gradient(m/km), RMS Gradient(m/km) - SRTM1     
#    0.000   0.000   0.000 ;Mean Elev.(m), Avg Gradient(m/km), RMS Gradient(m/km) - ASTER GDEM
#    1.025 -11.626  21.887 ;Mean Elev.(m), Avg Gradient(m/km), RMS Gradient(m/km) - GMTED2010 
  8 288.495691  46.702496    85.297    87.920 11 52478.64071274  3.996
  9 288.505387  46.706130    -2.218    -1.959 10 52513.64065595  9.283
 10 288.504076  46.702612     3.233     3.335 10 52548.64069994 27.795
 11 288.505166  46.702462    12.073     4.375  9 52583.64069535 12.618
 12 288.490745  46.699430     4.864     4.183 11 52618.64067209 34.183
 13 288.512869  46.704402    30.516    25.934  8 52653.64064857 26.042
 14 288.495602  46.701031    94.217    93.857 11 52688.64064818  2.932
 15 288.503321  46.705958     4.640     4.841 11 52723.64069271 42.149
 16 288.483371  46.699394     9.929     9.079 12 52758.64071506 21.249
 17 288.508422  46.697117    83.735    84.285  6 52793.64066806  8.177
 18 288.513639  46.706771     1.664     1.728 10 52828.64073370 18.433
 19 288.515162  46.711381     3.494     3.437  8 52863.64077767 14.102
 20 288.498367  46.705929    66.882    73.025 11 52898.64080859  6.159
 21 288.495354  46.711667     0.105     0.093  6 52933.64075255 24.977
 22 288.508431  46.709117    82.637    80.437  9 52968.64076344  6.776
 23 288.493001  46.701513     6.122     6.241 12 53003.64078673 38.504
 24 288.487403  46.694478    95.595    97.134  8 53038.64073728  2.221
 26 288.488320  46.699924     3.731     4.030 12 53108.64073644 24.299
 28 288.508414  46.714845    29.931    31.318  6 53178.64078993 11.871
 29 288.498494  46.702002     6.319     6.700 11 53213.64081375 23.745
 30 288.498494  46.706396    50.149    54.487 10 53248.64078224 12.863
 31 288.504909  46.708444     5.616     5.683  8 53283.64077457 12.585
 32 288.509053  46.706259     4.300     3.680 11 53318.64077010 27.585
 34 288.506244  46.702702    95.296    97.369 10 53388.64073626  2.822
 35 288.506437  46.703251    96.531    98.305 10 53423.64073588  3.025
 36 288.513895  46.707225    81.124    81.484 10 53458.64074000  4.030
 37 288.500258  46.715407     1.743     1.616  4 53493.64082397 23.903
 38 288.507563  46.706463    52.370    54.101 11 53528.64080261 10.140
 39 288.493230  46.705741    16.929    12.300  9 53563.64083339  9.831
 40 288.501405  46.704819     2.286     1.729 11 53598.64077418 30.285
 42 288.501919  46.715358     1.368     1.603  5 53668.64079013 24.013
 43 288.504813  46.705487     3.960     4.107 11 53703.64073345 24.518
 44 288.497168  46.703123     7.170     7.380 11 53738.64064341 29.355
 46 288.498954  46.703829     5.886     5.945 12 53808.64064468 34.133
 49 288.497511  46.707771    66.432    62.398  9 53913.64076764 12.196
 50 288.489740  46.700208     3.189     3.205 13 53948.64078200 28.676
 51 288.494676  46.699427    29.615    22.759 10 53983.64072246 20.986
 52 288.513045  46.715463     5.299     5.307  6 54018.64075026 15.086
 53 288.513421  46.707698     2.922     2.912  4 54053.64074409 19.818
 54 288.500717  46.705697     4.177     4.178 10 54088.64073641 17.467
 55 288.509019  46.702774     6.460     7.410  9 54123.64065909 33.768
 56 288.504058  46.711288    82.775    83.054  7 54158.64069937  2.730
 57 288.510376  46.708876    75.384    73.586  9 54193.64065973  4.894
 58 288.503620  46.705710    73.554    75.303 11 54228.64071221  8.197
 59 288.504413  46.705506     4.509     4.444 10 54263.64073075 21.045
 60 288.504269  46.705224    44.898    52.190 11 54298.64073534  9.025
 61 288.500936  46.705285     1.943     1.881 11 54333.64072545 28.695
 63 288.503466  46.710555    15.346    20.118  3 54403.64066807 10.944
 64 288.508710  46.702052     4.398     4.067 10 54438.64062650 34.267
 65 288.510601  46.714908    72.298    72.500  5 54473.64065304  8.581
 66 288.506350  46.698075    96.216    99.860  7 54508.64063878  5.710
 67 288.502223  46.703284    17.791    10.706  9 54543.64066981 35.714
 68 288.506503  46.708871    80.444    76.457  8 54578.64063770  9.069
 69 288.503516  46.705771    76.334    74.970 11 54613.64065952  8.535
 70 288.507073  46.713754     4.128     3.786  6 54648.64066595 17.102
 71 288.499502  46.703636    63.270    62.049 11 54683.64066701  7.671
 72 288.510955  46.706831     4.423     4.489 11 54718.64061302 27.160
 73 288.503981  46.705521     4.407     4.303 11 54753.64063997 18.528
 74 288.510182  46.710066    28.388    30.413  9 54788.64060488 12.836
 75 288.505522  46.704219     2.297     1.879 11 54823.64063495 35.143
 76 288.510946  46.706058     4.261     4.559 11 54858.64059984 34.382
 77 288.498925  46.704340     4.411     4.296 11 54893.64063750 31.313
 78 288.508570  46.710530    82.036    78.420  8 54928.64059775 11.602
 79 288.501236  46.701599    23.980    18.421  9 54963.64063709 24.200
 80 288.498047  46.701120     3.806     3.684 10 54998.64065813 31.049
 82 288.499627  46.705160     4.280     4.305 11 55068.64063417 35.719
 83 288.507361  46.705937     4.392     4.666 11 55103.64057310 27.021
 84 288.503975  46.707160    82.487    81.081 10 55138.64058122  6.599
 85 288.509332  46.704420    17.945    10.760 11 55173.64054188 14.492
 86 288.504622  46.705803    92.550    92.056 11 55208.64057605  2.983
 87 288.506994  46.705459     5.202     5.307 11 55243.64054703 38.441
 88 288.499295  46.704220    32.729    33.846 12 55278.64057021  8.842
 89 288.501301  46.698277    47.298    58.313  5 55313.64053419 14.852
 90 288.499200  46.699815    25.811     4.426  3 55348.64054166 12.499
 91 288.506806  46.705517    74.544    77.634 11 55383.64053162  6.058
 92 288.506355  46.708352     2.273     2.287  9 55418.64055858 17.298
 93 288.498530  46.703995    56.191    54.121 11 55453.64053939  9.481
 94 288.499374  46.713773     0.555     0.672  6 55488.64045843 24.281
